-0.0246848
-0.00414359
0.0285306
-0.00344537
-0.0190808
0.0195661
0.00889964
0.0100319
-0.0175816
-0.0189661
0.0020866
-0.00389992
-0.0172363
-0.03212
0.0300968
0.036828
0.0306405
-0.0141253
-0.0343526
-0.00697361
-0.0147072
0.00995389
-0.0194276
0.0177837
0.00457613
0.0050942
-0.029268
-0.029257
-0.0165704
0.0103778
0.00581218
-0.0330019
0.0144637
0.0363247
0.0137075
-0.0352165
0.0160047
0.0239391
0.0207364
-0.00693587
-0.0660777
0.0062378
0.0270001
0.0282585
0.0225674
0.0254916
0.0361537
-0.00184329
0.0083786
-0.038632
0.00455709
0.00331176
0.016136
0.00282163
-0.0124445
0.0061267
0.0235548
-0.00380698
-0.0722239
0.00999442
0.0028454
0.00967213
-0.0138767
-0.0248768
0.00928543
-0.00339715
-0.0109256
-0.0225773
-0.00492971
-0.0156513
-0.0235211
-0.00649738
-0.0132327
-9.94419e-05
-0.0237896
0.0149813
0.00667017
0.0210156
0.00405652
0.00752912
-0.0311102
0.00761174
-0.00496219
-0.00623729
0.0264983
0.0183116
0.0196681
-0.0166423
-0.0128701
-0.0125887
-0.0283618
-0.00980027
-0.0125121
-0.01092
-0.0016029
0.0103528
-0.0179467
-0.038288
-0.0381053
0.0261781
0.00115584
0.0291842
0.0176416
0.0367347
0.000417489
0.00599048
0.00501533
0.0174845
0.0137503
0.0141496
-0.0126654
-0.0195741
-0.0348354
-0.037987
-0.0372345
-0.0205782
-0.00257592
0.0198883
0.0525772
0.0205552
0.016221
-0.0432788
-0.0342251
-0.0444787
-0.0440551
0.0101017
0.0375503
-0.0131752
0.00630851
-0.0137973
-0.030908
-0.0356688
-0.0024474
0.00510776
0.026553
0.0427788
0.00819003
-0.00053674
-0.0153725
-0.0211075
0.00798775
-0.000836105
-0.0082041
0.0196511
0.0147875
0.0351766
0.0358896
0.0149214
-0.0587959
-0.0366135
-0.045231
-0.0518994
-0.00589526
0.0206206
0.0365559
0.0262551
0.0131402
-0.030771
-0.00971736
0.010925
0.0135512
0.00374482
0.0118259
-0.0101686
0.0182021
-0.03471
-0.0364476
-0.00197138
-0.00468967
-0.0343114
0.0134282
-0.00089952
-0.0262487
0.0143881
-0.0074078
-0.019859
0.0219756
-0.016093
-0.0126158
0.00785656
0.00440084
0.0143289
-0.0184314
-0.0408575
-0.0408815
-0.00653696
0.0288
0.0467352
0.00762864
-0.0212857
0.00782506
-0.00734148
-0.0468673
-0.0366391
-0.0181513
0.0041613
0.0338814
-0.0131235
-0.0339151
-0.04665
0.00166299
-0.0227314
-0.0549845
0.00381952
0.0102794
0.0277892
-0.0298501
-0.0143769
-0.0314117
-0.0162485
-0.0117115
-0.031867
0.011417
0.0173091
0.00394518
-0.0320867
-0.0414289
-0.016577
-0.00510189
-0.0152719
-0.070877
-0.0169318
0.008719
0.047616
-0.020979
-0.0229234
-0.0132985
-0.00532742
-0.0209925
-0.0484822
0.00587767
0.014215
0.0422834
-0.00290751
-0.0143789
-0.0292616
-0.0338809
-0.0284506
-0.055897
-0.00274008
0.0223932
0.0218447
-0.0245006
0.0138204
-0.0170981
-0.0282386
-0.0208319
-0.077219
-0.00215662
0.0262826
-0.0127296
-0.0180594
-0.00392638
-0.00222837
0.0126989
-0.00661859
-0.0611974
0.00689495
-0.0221417
-0.00843413
0.0165617
0.0102309
0.0162108
0.00834079
-0.0251654
-0.0502572
-0.000477539
-0.0302588
-0.00076201
0.0225383
-0.00451921
-0.0334726
-0.0390434
-0.00624559
-0.0488045
-0.00639569
-0.00886815
-0.0579785
-0.00442241
0.0182625
0.00156099
-0.0555162
-0.0301046
-0.02891
0.00129599
-0.035967
-0.0435461
0.000840744
0.0190362
0.0159734
-0.0197011
-0.0562553
-0.0880186
-0.0313184
-0.0283374
0.0166373
0.0329977
0.027435
0.0314447
-0.00331355
-0.0346467
-0.0724949
-0.0291211
-0.00605244
0.0388996
0.0437626
0.025898
0.0109819
-0.0190213
-0.0390803
-0.0451285
-0.0454189
-0.0400578
-0.0306654
0.0199444
0.0491196
0.0148796
0.0300162
0.00439078
-0.0291451
-0.0271434
0.0109842
0.00132712
0.0454092
9.70646e-05
-0.0102341
-0.0244337
-0.0255757
-0.0637965
-0.00558201
-0.0116774
0.0232946
0.02676
0.00977595
-0.011434
-0.0139014
-0.00851876
-0.0462941
0.0149862
-0.0214449
0.0272617
0.0420196
-0.0149683
-0.0294363
0.00466082
-0.00220192
-0.0570656
4.91991e-05
0.0181
-0.00156667
-0.00501175
-0.000329925
-0.00573957
0.00153711
0.0145298
-0.0447231
0.0251081
-0.00866436
0.0272997
0.00928116
-0.0143207
-0.00768321
-0.0265613
-0.0114943
-0.0207466
0.0202462
-0.00304235
0.0236023
-0.00291715
-0.000330929
-0.0164731
-0.00746695
0.0283138
-0.030472
0.0242084
0.0171844
0.0417515
-0.00146047
-0.00258644
-0.015973
-0.0172914
-0.0232191
-0.0246118
0.0251098
-0.00486669
0.0382966
-0.0117714
0.0229837
-0.00548962
-0.0277932
0.00835104
-0.0413298
0.0404358
0.00818792
0.0192023
0.00782444
0.00720537
-0.000239117
0.0228277
0.0187178
-0.0524287
0.00679657
0.0128774
0.0409618
0.0067053
-0.0634103
-0.00912802
0.000779558
-0.00190851
-0.0605907
-0.00302028
-0.029451
0.0262398
-0.0476814
0.00571475
0.0318584
0.000200295
0.0258339
-0.0476766
0.0331469
0.00791164
0.0176421
0.0270794
-0.0248274
0.0401402
0.00724992
0.0213328
-0.0481487
0.00224054
-0.0305995
0.0404461
-0.0112929
-0.0685946
-0.00198445
-0.0172288
0.0112
-0.0299173
-0.00628459
-0.0547867
0.00447498
-0.0639939
-0.0282006
-0.0151948
-0.0111909
0.0466617
-0.0344978
-0.0141123
-0.0478475
0.00994367
-0.0247003
-0.0309426
0.0238482
0.00677376
0.0373378
-0.0263428
-0.00807918
-0.0300744
0.0471284
-0.0450708
-0.0339985
0.0050074
-0.0156388
0.0343656
-0.0166521
0.0064237
-0.0273374
0.0375462
-0.0280069
0.00578992
-0.00434017
0.0105422
0.0419986
-0.0808831
-0.022836
-0.0117715
0.0355339
0.00956144
-0.000976508
-0.00547659
0.0104185
0.0327196
-0.104392
-0.0471184
-0.0333936
0.0515769
-0.00670185
-0.00273835
0.00931717
-0.00445189
0.0301173
-0.0696465
-0.00832883
0.0106828
0.0352598
0.00737979
0.0189935
0.0281322
0.00602331
0.0221442
-0.0704272
-0.0261941
-0.00468663
0.048813
-0.00533899
-0.00141718
-0.000663693
0.00835285
0.0635419
-0.0800575
-0.0190378
-0.0236332
0.0524627
0.00865578
-0.0138045
-0.00164999
-0.0527918
0.0458596
-0.0791589
0.0141943
0.0329815
0.0603642
0.0110628
0.00446231
0.0221512
0.011484
0.0844954
-0.064458
0.00335274
-0.00352451
0.0400743
-0.00456366
-0.0247013
0.00298386
-0.0143482
0.0542931
-0.0711716
0.00559879
0.00448588
0.0221717
-0.0325081
-0.0102876
0.00744271
-0.0222982
0.00974424
-0.00786573
-0.00150367
-0.0373207
-0.0265951
-0.00738626
-0.0217078
0.00244602
0.00984119
0.0204898
-0.00322464
-0.00828652
-0.0191695
-0.0184058
-0.00419051
-0.0186324
0.0112997
-0.0106863
-0.00552509
-0.0113743
-0.0123914
-0.0250684
-0.0203135
-0.0294798
-0.0199601
-0.0193524
-0.0036324
0.0179315
0.0236084
-0.00670746
-0.0249156
-0.0227564
-0.00623908
-0.0343344
0.0174243
0.0305758
0.016515
-0.028801
0.00946073
0.00978591
-0.0128092
-0.0213629
-0.0419493
-0.000338125
0.0194166
0.0219077
-0.04713
-0.0040775
0.0181112
-0.0301323
-0.0340992
-0.0438696
-0.0239515
0.00900553
0.0393542
0.00107319
0.0177594
0.0252372
-0.010618
-0.0250204
-0.0152253
-0.00897101
0.0452822
0.0353725
-0.0187967
0.00240553
0.0476964
-0.0136036
-0.0455723
-0.033119
-0.0111792
-0.00378669
-0.0179457
-0.0431205
0.00328952
-0.0150749
-0.0407166
-0.0358063
-0.00413587
0.0100601
0.0176076
-0.000239913
0.00862857
0.00194581
0.00733028
-0.0163408
-0.00922977
-0.0173556
-0.00127369
0.0304393
-0.00138972
-0.066107
-0.00620947
0.0171602
-0.0293729
-0.0500513
0.0334412
0.0260455
0.0437291
-5.1412e-05
-0.0358927
0.00253909
-0.00541097
-0.020901
-0.00903341
0.0281727
0.000279932
-0.0104026
0.0138988
-0.0236754
-0.015903
0.0138322
0.00059556
0.000203115
0.0309927
-0.0595668
-0.038178
-0.0189998
-0.0257936
0.000125438
0.00535439
0.0349627
0.0329518
0.0312191
-0.00309808
-0.0323521
-0.0180523
-0.0473588
-0.0256215
-0.020024
-0.0238466
0.0058955
0.00897506
-0.0716377
-0.0988927
-0.0711633
-0.0189876
0.0191263
-0.00520487
0.0193911
0.029543
-0.0270534
-0.0983786
-0.0259196
-0.028496
-0.0174031
0.00191586
-0.00185575
-0.00348946
-0.00993388
-0.0617801
-0.105988
-0.0104605
0.00662514
0.0309928
0.0439197
0.0296385
-0.0189674
-0.0228566
-0.0287823
-0.118676
-0.0908927
-0.0199863
0.00465141
0.0354353
0.00539009
-0.00917601
-0.0194057
-0.0244255
-0.0686154
-0.0222267
0.0424858
0.0667645
0.0889986
0.0490272
-0.00525138
-0.00348143
-0.0768637
-0.0930735
-0.0168335
0.000348358
-0.0266391
0.0222104
0.00599242
-0.00877605
-0.052641
-0.0337826
-0.0488868
0.0132713
0.0234251
0.0145902
0.0497152
0.0289463
0.00690044
-0.0592311
-0.0694139
-0.0491931
-0.0287455
0.0223338
0.0238662
0.0387912
0.00822834
-0.00608743
-0.0100779
-0.0209788
0.00187456
-0.00215303
0.0495166
0.0275281
0.0281567
-0.00956167
-0.00519429
-0.0237734
-0.0112304
-0.0198353
-0.00860703
0.0150803
-0.037398
0.0251924
0.0138804
-0.0115869
-0.043204
0.0019343
-0.0192247
-0.0303795
0.00737757
-0.069929
0.00106739
-0.0145789
-0.0711451
-0.0213383
-0.00816564
-0.0184438
0.0116787
0.0550028
-0.0275593
0.00134338
-0.0298943
-0.0362111
-0.0441685
-0.0264537
-0.0329176
-0.00816008
0.0683394
-0.0258133
0.0174631
-0.0340884
-0.0838024
-0.0507772
-0.00268249
-0.040687
-0.0408135
0.0184767
-0.042676
-0.00414441
-0.0213626
-0.0608873
0.013208
0.0280759
-0.024937
-0.0215297
0.00470312
-0.0219324
-0.0184832
-0.0578384
-0.0398052
0.0383296
-0.0135759
-0.0492939
-0.0353967
0.0667743
-0.00359681
0.0193567
-0.0164505
-0.0736132
-0.0405172
-0.0136004
-0.0550789
-0.0110843
0.034034
0.015026
0.0309734
-0.0157618
-0.0133783
-0.0108329
0.00981247
-0.0191088
-0.00202362
-0.000368684
-0.045077
-0.0385041
-0.0498184
-0.0417525
0.0314331
0.0421872
0.0223725
0.0224932
0.00752368
-0.0404836
-0.0391007
-0.0210464
-0.0166918
0.0469142
-0.0156582
-0.0405856
0.0120619
0.0205366
0.00641171
0.00743415
-0.0456513
-0.0490249
-0.0306916
0.0275083
0.0182661
0.0296223
0.0230504
0.0106356
-0.0127355
-0.0365576
-0.0459219
-0.00507437
-0.00844862
-1.78731e-05
0.0169291
0.010605
-0.0751747
-0.0192134
0.0121038
0.00301261
0.0164936
-0.0104578
-0.00259653
0.0222455
0.0410904
-0.0569987
0.0247825
0.0104241
0.0420429
0.0144212
0.0138509
0.00475123
0.00619932
0.00817038
-0.0153581
-0.00149905
-0.0163933
-0.0368426
-0.0360786
-0.024932
-0.0075608
-0.00167587
0.0193063
-0.0261044
0.0251011
0.0180048
-0.0258758
-0.0291133
-0.00418643
-0.0120336
0.0281631
0.0115787
-0.0730304
0.0144545
0.00892324
0.0520543
0.0162103
0.0327552
-0.00477917
-0.00283554
-0.000305371
-0.0657727
0.00908756
0.00583698
0.0441607
0.0318528
-0.0333889
-0.0319219
0.00409523
-0.0119145
-0.0501705
-0.00804489
-0.00554939
-0.0173972
-0.0256515
-0.00319994
-0.0314137
-0.0272015
-0.0175829
-0.0520071
0.00368728
-0.0304915
0.0235823
-0.00457521
0.0326389
0.0414832
0.0088197
0.0103217
-0.0755531
0.00719416
-0.00827464
0.0161364
0.0155857
0.0327933
0.054492
0.0282823
0.00519943
-0.0926018
-0.00568876
0.00302161
0.020565
0.0111318
-0.0217623
0.0113538
-0.0166359
-0.0105628
-0.0641792
-0.00983978
-0.0475205
-0.0222914
-0.0204161
-0.011942
0.0512673
0.0304905
0.0194155
-0.0936578
-0.0119673
-0.0230677
-0.0257605
-0.00946705
0.0127625
0.0102605
0.00110341
0.00822571
-0.084935
-0.0132759
-0.00213652
0.0270722
0.0277133
-0.00288034
-0.00280451
-0.0393866
0.00183518
-0.0625297
0.00941439
-0.0212056
0.0353304
0.0292726
0.000476868
0.0084896
0.00219051
0.00400034
-0.0770358
-0.0114051
-0.0273136
-0.00699071
0.00960699
-0.0137491
-0.011282
-0.0405985
-0.00503064
-0.0740632
-0.0294595
-0.0238966
-0.0190547
0.00278385
0.0386975
0.0166279
-0.0345122
-0.00499303
-0.0866853
-0.00737548
0.00962094
0.0276043
0.0401521
0.0295982
0.0271114
0.00260915
0.00975987
-0.0810054
-0.0371104
-0.0116922
0.0148914
0.0194558
0.0259366
0.0163859
-0.0415422
-0.00891209
-0.0936583
-0.0454403
-0.0386241
0.00140347
0.00400906
0.0281523
0.0106716
0.00504265
-0.000407292
-0.077517
-0.0417759
-0.0655952
-0.00963804
-0.00751608
0.0143192
0.0178338
0.00143501
0.0516858
-0.0668569
-0.0212437
-0.0157042
-0.00392226
0.00471381
-0.00168244
-0.00508395
-0.0115087
0.0432943
-0.104738
0.0131272
-0.000689602
-0.00582445
-0.0256854
0.0080241
-0.00604674
-0.000219901
0.0184719
-0.0713172
-0.0361134
-0.0474885
-0.0190683
-0.0256718
-0.00412567
0.0138945
-0.00842765
0.0602863
-0.0900585
-0.0194489
-0.0100851
-0.0135363
-0.0290039
-0.0305031
0.00412153
-0.00806091
-0.0169693
-0.0116897
-0.0213554
-0.00736193
-0.0195512
-0.0413871
-0.0122904
-0.01837
-0.0111943
-0.0151662
-0.0322583
-0.0147118
-0.00872042
0.0032618
-0.0253342
-0.0177027
0.0373134
0.025757
0.00318252
-0.0279097
-0.0246986
-0.021361
-0.0203507
-0.0356399
0.00946043
0.0473413
0.00710129
0.000290909
-0.0144586
-0.00926344
0.00245304
-0.00936807
-0.00940004
-0.0055915
-0.0430427
-0.00367323
0.00896152
-0.0359026
0.00452141
0.0251875
0.0357156
0.000191157
0.00189394
-0.0361963
0.0188101
0.01474
-0.0172016
0.000496437
0.01391
-0.0188828
0.00410549
0.0130166
-0.0343967
-0.0179402
-0.0282326
-0.046835
-0.0140589
0.0120795
0.0239702
0.0202343
-0.0286432
-0.0805316
-0.0945213
-0.0439123
-0.0226421
-0.00828951
-0.0107563
-0.0149641
0.00705232
-0.00511274
-0.00979788
0.0379285
-0.0144729
-0.0415641
0.00192871
0.00853436
-0.0204251
0.00172511
0.021022
0.0260552
0.0407627
0.00838331
-0.0205105
-0.0133769
-0.0307331
-0.0184663
0.00491481
-0.0761208
-0.0818011
-0.053201
-0.0302102
-0.0149612
0.00759748
-0.0402455
-0.0618377
-0.0510311
-0.0275547
-0.0238107
-0.00592376
-0.00454505
0.0223901
0.0125503
-0.0729959
-0.0592269
-0.0460012
0.0291957
0.00159266
-0.0773519
-0.0702482
-0.0566826
-0.0321796
-0.0436858
-0.0153906
0.0225538
0.0210885
-0.0545026
-0.121903
-0.0929398
-0.0198222
0.0301556
0.00760021
0.0157574
0.0438156
0.0196647
-0.00611167
-0.0823629
-0.0749454
-0.0252827
-0.0195508
-0.0698887
-0.0286811
-0.00869966
0.0755013
0.0349389
-0.024291
-0.0300681
-0.0265181
0.0106624
0.0110882
0.0417356
0.100023
-0.0526217
-0.116612
-0.133846
-0.0647989
-0.0516641
0.00337961
-0.0332405
-0.0547028
-0.0202852
-0.00883489
-0.0454824
-0.026577
0.0188252
0.010798
0.0464216
-0.00430707
-0.0507868
-0.0177389
0.0135553
-0.00673233
-0.0366015
-0.0119213
-0.0457843
-0.0245866
-0.0388886
-0.0132329
0.0286908
0.0156966
-0.000965242
-0.00196748
0.0123034
0.0037719
0.0285917
-0.0342519
-0.0170917
0.000274316
-0.0551041
-0.0460214
-0.0448148
-0.019369
-0.0399496
-0.0110453
-0.023923
-0.0245316
-0.041898
-0.0168319
-0.0424894
-0.0359615
-0.00975713
-0.0457054
-0.0333635
-0.0371447
-0.0232786
-0.00474593
-0.0082432
0.00989881
-0.0224541
-0.0189928
-0.0503592
0.0177085
-0.027833
-0.0116528
-0.00217086
0.00442613
0.0212237
0.0104269
0.00565065
-0.0523735
0.0265702
-0.0238968
0.00440638
0.0319662
-0.0283104
-0.0595413
-0.0344845
0.0105429
-0.0878124
-0.0332523
-0.064429
-0.0168388
-0.0391163
-0.0323901
-0.0632363
-0.0595766
0.0335432
-0.0726282
-0.0107366
-0.0614435
-0.0436634
-0.0377581
-0.00819193
0.012347
0.00696059
0.0460771
-0.0530902
0.0342583
-0.0177262
0.0106925
0.0287634
0.00348249
0.0206447
-0.0104041
0.0398708
-0.0590407
0.0217131
-0.00715622
0.0405061
0.0402265
-0.0156078
-0.0681263
-0.0659498
0.0333333
-0.0580083
-0.0122007
-0.0272342
-0.0572489
-0.0494931
-0.0306116
-0.0505353
-0.0466861
-0.00822454
-0.0318773
0.018035
-0.0277287
-0.0629026
-0.0484856
0.04615
0.0284438
0.00770987
0.022983
-0.101518
-0.0265412
-0.0231308
0.0171124
0.0478336
0.0411846
0.0364856
0.00413437
0.0185604
-0.0830949
-0.0452472
-0.0344943
-0.0128535
0.039527
-0.0538696
-0.0246219
-0.0257995
-0.00642435
-0.0347968
-0.00418514
-0.0471841
-0.0989437
-0.0803871
-0.0294717
0.0144417
-0.00522823
0.0134962
-0.0256319
-0.0121607
-0.0528243
-0.0827712
-0.0460316
0.0535682
0.0472447
0.00528034
0.0417841
-0.0785591
-0.0440609
-0.0512885
-0.000605962
0.0227464
0.034638
0.0469643
-0.00614241
0.0357624
-0.0733505
-0.0234571
-0.0403185
0.0226128
0.0167754
-0.0463768
0.00922289
-0.0139346
0.0376777
-0.00795371
0.0269777
-0.0202022
-0.0871193
-0.08957
-0.0697346
-0.0120764
-0.0443679
0.0262404
-0.0269632
0.017796
-0.050888
-0.0983856
-0.0989958
0.0235356
0.0533677
0.0137457
0.0553858
-0.0472526
0.0189248
-0.0267641
0.0438724
0.0155573
-0.0191435
0.0257879
0.012295
0.0679931
-0.00237007
0.0402281
-0.0329104
-0.0177618
-0.0517427
-0.0137746
-0.0264407
-0.0307369
0.00894844
-0.0330908
0.0104556
-0.0179132
-0.068994
-0.0328207
-0.0403516
-0.0682815
-0.0353284
-0.00700709
-0.0212257
0.0121604
-0.0435837
-0.0436697
-0.0526717
-0.00535138
0.0234818
0.00553502
0.0569453
0.0254198
0.0411091
-0.0128492
-0.0350242
-0.00231593
-0.0515627
-0.043876
-0.00829078
0.0305662
-0.0134433
0.0424488
-0.0482711
-0.0289176
-0.0187743
-0.0544433
-0.0248296
0.00519309
0.0501794
0.00404084
0.0523248
0.000131343
-0.0284541
-0.0707703
-0.0173964
0.0180632
0.0238161
0.0447867
-0.0211491
0.049273
-0.00115664
-0.0548048
-0.0696176
-0.0587626
-0.0359015
0.0110207
0.0563584
0.0293768
0.0892081
8.05887e-05
-0.0169959
-0.0235872
-0.0424609
0.00765366
-0.00419564
0.0300982
0.0128902
0.0596983
-0.021845
-0.0679492
-0.0404512
0.00254191
0.0441282
0.0392881
0.0688547
0.0234695
0.0617311
0.012542
-0.0288666
-0.042587
-0.0180045
0.0149656
-0.00898296
0.049779
0.00775554
0.0257569
0.0119833
-0.0501298
-0.0318404
-0.00523985
0.0191086
-0.00146934
0.0413756
0.0289159
0.0383223
-0.0415426
-0.0806552
-0.0277005
-0.0552408
-0.0522159
-0.0568406
-0.00352456
-0.00629367
-0.0269977
-0.0816809
-0.0995748
-0.05726
0.0369421
0.0233445
-0.00210397
0.0258453
0.00339701
0.00523572
-0.00936009
-0.0228656
-0.000536038
0.0518523
0.0326416
0.0433765
0.0252196
-0.0208296
-0.00292508
-0.00782712
0.00604774
0.0204033
-0.0353026
-0.0859465
-0.0742902
-0.0525484
-0.0145786
-0.0483491
-0.0640684
-0.0841205
-0.0591999
-0.0432487
-0.0629873
-0.050024
-0.0710678
-0.0474127
-0.0795749
-0.0416555
-0.0298538
-0.0466604
-0.00157438
-0.0115842
9.25724e-05
0.0223639
-0.0839813
-0.0383782
-0.038913
-0.0117495
-0.034176
0.021084
0.0485555
0.0259801
0.0854103
-0.0732262
-0.00631435
0.000702603
0.0231792
-0.00368669
-0.0659321
-0.0360749
-0.0585895
-0.0642734
-0.0774624
-0.09057
-0.0813373
-0.0236048
-0.0538873
0.0360102
0.0688232
0.0281256
0.0317404
-0.0920532
-0.0474928
-0.00135809
0.0526812
0.0233067
-0.00848651
0.0292611
0.0124888
-0.0274965
-0.0335555
0.00593821
-0.00254025
-0.00401261
-0.0238631
-0.00225222
0.0487062
0.010336
0.0155744
-0.0146758
0.0188999
0.0370153
0.00461596
-0.0176517
-0.0563454
-0.0257239
-0.0299455
-0.0395977
-0.04217
-0.00402091
-0.000978241
-0.00204694
-0.0453376
-0.0214242
-0.013265
-0.0266708
-0.0573838
-0.0296013
-0.0207557
0.0362668
0.0386987
-0.00940987
0.0354828
0.0115101
-0.0158705
-0.0271248
-0.0443543
0.00984654
0.0396477
0.027286
0.0307711
0.00948068
-0.037034
-0.0691894
-0.0684913
-0.046748
-0.000661607
0.00648171
0.0404854
0.0560834
0.0331284
0.0134618
-0.00371224
-0.0616128
-0.0905061
-0.0476592
-0.00318321
0.0130357
0.031251
0.0298051
0.0052905
-0.0280803
-0.0647389
-0.082503
-0.0647414
-0.0709303
-0.0494426
0.0365528
-0.0557155
-0.0755139
-0.0652843
-0.0153972
0.0154941
0.0192103
-0.0323141
-0.0375091
-0.0144047
-0.0101535
-0.0250119
-0.0212196
0.0325886
0.0681009
0.0464519
-0.0602003
-0.0549762
-0.035088
-0.0146415
-0.0497035
-0.037176
-0.0308598
-0.0228358
-0.0303599
-0.0961369
-0.0627777
0.000703576
-0.00716976
-0.0262154
-0.034399
0.0148007
0.00184239
0.0185768
-0.0476351
-0.0189388
0.00278739
0.00964406
-0.0272825
-0.0822316
-0.0511543
-0.00921147
-0.0159409
-0.0791446
-0.0450327
-0.0338992
0.0857192
0.0565666
-0.00317206
-0.00383036
-0.0257018
-0.0228114
-0.0279813
0.00802294
0.0664059
-0.0253176
-0.0451243
-0.0807284
-0.0526939
-0.0318908
-0.0547788
-0.0984688
-0.0461657
-0.0149706
0.0778096
0.0261583
-0.0262746
-0.015099
-0.0255584
-0.0207798
-0.0254907
0.0226103
0.0502954
-0.00238643
0.014495
-0.0335463
-0.0324808
-0.0629202
-0.0593573
-0.0659302
-0.0388136
-0.00132554
-0.0142236
0.0180232
-0.0163724
0.0165958
-0.0153568
-0.00793036
-0.0372781
-0.0217785
-0.0202155
-0.00598047
-0.0378066
-0.0652354
-0.0378417
-0.0439411
-0.0361676
-0.0436003
-0.00965353
-0.0227574
-0.0310853
-0.00637972
-0.00439734
0.0274635
-0.00472089
0.0380205
0.00107978
0.0115384
-0.0151442
-0.0242542
0.00196475
-0.0126323
-0.000577551
-0.0552115
0.00237841
-0.0382441
-0.0288646
-0.0298728
0.00604513
0.0152627
0.00291633
0.00454151
-0.0695206
0.0180486
-0.0280315
-0.0135527
-2.73953e-05
-0.03518
-0.0264154
-0.0542951
-0.00157996
-0.0476847
0.0286025
0.0045599
0.00957697
-0.0211248
-0.0149966
-0.0432047
-0.035508
-0.00272786
-0.0473215
0.0269493
0.00150989
0.00604635
-0.00145309
-0.0113154
0.0033869
-0.0182112
0.0260167
-0.0806463
0.019321
-0.010229
-0.0040356
0.0036657
-0.0228692
0.0183626
-0.0102824
0.00260488
-0.0747185
0.00435753
0.00276158
0.0420146
0.018462
-0.0052642
-0.0406993
-0.0462804
0.00727284
-0.0777239
-0.00810914
-0.0277773
0.000828701
0.0232017
-0.00594864
-0.00119389
-0.0458064
-0.028592
-0.104667
-0.00358237
-0.0315725
0.00408051
0.0133142
0.0267036
0.0256811
-0.0002505
-0.0133714
-0.147604
-0.0447374
0.0132452
0.0377871
0.029001
0.0432544
0.0264376
-0.0326407
0.00232333
-0.102809
-0.0492309
-0.0302709
0.0263951
0.0369903
-0.000566642
0.0373168
-0.0366033
-0.0604108
-0.133335
-0.00953788
-0.0177387
0.0123394
0.0159688
0.0190191
0.0151701
-0.0580058
-0.0463227
-0.0832273
-0.00801027
0.00642217
0.0208504
0.0240272
0.0476012
0.0183636
-0.0291447
0.0389306
-0.0853343
-0.0351806
-0.0457179
0.0206589
0.0263573
0.0101564
0.00138087
-0.0247106
0.0211548
-0.0802149
-0.0317504
-0.0693591
-0.0231186
0.0129611
0.028925
-0.00714189
-0.0767687
-0.0269058
-0.0709401
0.00251429
-0.0145934
0.0317449
0.0246924
0.0102134
-0.0235525
-0.0456264
0.00797076
-0.0612192
-0.00518366
-0.0599536
-0.0182767
0.00999377
-0.042792
-0.00940431
-0.00338443
0.0455762
-0.0116982
0.0113847
-0.0321398
-0.018876
-0.0144898
-0.0674911
-0.00706115
0.00179579
0.0459442
0.0306097
0.0555889
-0.027126
-0.0365126
-0.0775185
-0.0354962
-0.000713885
-0.000930039
0.0538922
0.0199947
0.0442155
-0.0242772
-0.0442119
-0.0414775
-0.0797009
0.00651385
0.00380519
0.0570673
0.0466498
0.0720586
-0.0216935
-0.0724146
-0.0837865
-0.0303436
0.0140694
0.00766715
0.0546214
0.0457478
0.0487144
-0.019462
-0.0534239
-0.0438232
-0.0208776
-0.0424848
-0.000215148
0.0380847
0.00201203
0.035465
-0.0434272
-0.0599472
-0.0189266
-0.0352704
0.0369929
0.0116383
0.0697855
0.0720455
0.0554258
-0.0243995
-0.0803079
-0.0710666
-0.0408681
-0.0403986
-0.00973132
0.0620216
0.0269167
0.0234164
-0.0352108
-0.0976172
-0.0454742
-0.0070214
-0.0618908
0.00131502
0.0145562
0.00679298
0.0519498
-0.00871872
-0.00725117
-0.00956588
-0.0284162
-0.0320906
-0.00118773
0.0043336
0.00408533
0.0296429
-0.00269477
-0.0143486
-0.0307094
-0.0560867
-0.0626462
0.00725453
0.0543633
0.0212075
0.0652981
0.00235701
-0.0343216
-0.0487421
-0.0421611
-0.052058
0.00692718
0.0404045
0.0362522
0.0494296
0.00131557
-0.0343986
-0.0410671
-0.00424663
0.023804
0.0285479
0.0315403
0.0351828
0.0321013
-0.00604757
-0.00650331
-0.0114073
-0.0444967
-0.0489826
-0.0423722
-0.00891655
-0.00906697
-0.0168583
-0.0716062
-0.0584504
-0.069731
-0.037635
0.00976819
0.0459355
0.0406381
0.0495784
0.0195425
0.0273497
0.0289943
-0.0448076
-0.0681961
-0.0470764
-0.016145
-0.0134793
0.0131783
-0.0208223
-0.0446137
-0.0400804
-0.0742885
-0.0131386
-0.0449964
-0.0553942
-0.0229441
0.0282089
0.0142584
-0.0282906
-0.0606097
-0.0143404
-0.0199122
-0.0219592
-0.0206262
-0.0422842
-0.035821
-0.0166828
0.00530345
-0.00344938
-0.00406675
-0.0473421
-0.0221996
-0.0254828
-0.0196447
0.0143334
0.0108645
-0.0548379
-0.0581189
-0.0538636
-0.0318317
0.0139583
-0.0140102
-0.0436152
-0.0351019
0.00949505
-0.0244486
-0.0367642
-0.0306523
-0.0426663
-0.00156123
-0.0241786
-0.0697387
-0.111307
-0.0652731
-0.036671
0.00232371
-0.00369888
0.0462262
0.087035
0.0466644
0.0277516
-0.0892669
-0.0175525
0.0194381
0.0613079
0.0485487
-0.056485
-0.00244633
-0.0274668
-0.0775191
-0.0891973
-0.0698666
-0.0347409
-0.0301495
-0.0384894
0.0103074
0.0641496
0.0381487
-0.00194274
-0.0881399
-0.0148511
0.0255825
0.0362695
0.0235126
-0.0513417
-0.0169758
-0.0249244
-0.0246382
-0.0461006
0.00183329
-0.00318596
-0.0154125
-0.035302
-0.00508953
0.00929917
-0.00666906
-0.0242836
-0.0474001
-0.0201629
0.04293
0.0591493
0.0198591
-0.0480013
-0.0049886
-0.0154966
-0.0228405
-0.0275904
0.00751569
-0.00422922
0.00112591
-0.0454921
0.0131706
0.0238871
0.00241399
-0.0276268
-0.014672
0.00517014
0.0501271
0.0504442
-0.00359878
0.0147366
0.0141925
0.0171325
-0.0282374
-0.0864976
-0.0487684
-0.0245775
0.000654018
0.0112324
0.0138657
-0.000559094
0.0182669
-0.000217743
-0.0459948
-0.0757676
-0.113886
-0.0794117
-0.00252367
0.0244518
0.0365467
0.0337893
0.00330731
-0.0234755
0.0116968
0.0275246
0.0238695
0.0121709
0.0115754
0.0172593
0.0329075
0.0325617
0.007718
0.00460984
0.0113566
0.00507245
-0.00952132
-0.0473742
-0.0570274
-0.00487721
-0.0100392
0.0176193
-0.0338724
-0.0643531
-0.0473174
-0.0516738
-0.033807
-0.0745252
-0.0432168
0.000828008
0.00919234
0.0060576
-0.0326091
0.00741472
-0.0310984
-0.0353922
-0.0210466
-0.0022667
0.00977562
0.0402729
-0.00773177
-0.00250384
0.0217706
-0.040663
-0.0277814
-0.0304638
-0.0116155
0.00306967
0.0197461
-0.00441282
0.00834194
0.0514558
0.0163769
-0.0247734
-0.0279953
-0.0413802
0.000327112
-0.0272982
-0.099694
-0.114793
-0.0209292
0.00131671
0.0741521
0.0246724
-0.00966747
0.0479556
0.00896707
-0.017418
-0.0314073
0.0232838
0.0607021
0.00377285
0.0253537
-0.00812376
-0.0104995
-0.0602671
-0.122666
-0.113817
-0.0606544
0.0331739
0.0500844
0.0798709
0.0361743
0.0438915
-0.0178145
-0.0986393
-0.112246
-0.049669
0.0242799
0.00496526
-0.0156743
-0.0403664
-0.00524327
-0.0450834
0.0025701
-0.039527
0.00983102
0.00260032
-0.00722086
0.0221103
-0.0195257
0.0278556
-0.0210338
0.0546538
0.0366635
0.0279295
-0.00634035
-0.0185938
0.0194098
-0.0288577
0.00014749
-0.0388611
-0.063617
-0.119293
-0.0911247
-0.0474247
-0.022868
0.0104565
-0.0228393
0.0212372
-0.0160175
0.015945
-0.0220626
-0.0413827
-0.0179279
-0.0148882
-0.0318462
-0.0497784
0.00200917
-0.0497578
0.0499353
0.0468973
0.0384641
0.00227407
0.0289864
-0.0264902
-0.0191991
-0.00153949
-0.0497458
0.0475518
0.0399232
0.0473149
0.0223948
-0.0339564
-0.0502181
-0.0809195
-0.0198832
-0.0380282
0.00957417
-0.0257534
-0.0645493
-0.0252293
-0.00523667
-0.0285572
-0.056847
-0.0203274
-0.0480957
-0.00849171
-0.0201892
-0.0505587
-0.0155873
0.0562119
-0.0063443
-0.0288509
0.0182816
-0.0514778
0.0195336
0.0120556
0.045477
0.0286864
0.0305907
0.0127656
-0.0162931
0.0180192
-0.0628759
0.000719838
-0.0209966
0.0117291
0.0249977
0.00835975
-0.0197833
-0.0442093
0.002577
-0.0668444
-0.0304802
-0.0469395
-0.0496369
-0.0253178
-0.0408691
-0.0328685
-0.0263989
0.0215181
-0.0570194
-0.0147774
-0.0780678
-0.0724742
-0.0276762
0.0329629
0.0471278
0.00150524
-0.0118463
-0.0465563
0.00201922
-0.0217542
0.00207875
0.0271953
0.0581191
0.0294273
-0.00789087
0.00317405
-0.0279016
0.0295115
-0.0144658
0.0246186
0.0395683
-0.0482096
-0.028908
-0.0466394
-0.00737701
-0.031616
-0.0208513
-0.0735278
-0.0593843
-0.0519442
-0.0366847
-0.0492117
-0.0753876
-0.0132212
-0.02853
-0.0164231
-0.0716137
-0.0400988
-0.0382173
0.047958
0.00540488
-0.0456007
-0.0121714
-0.0314765
0.0213656
0.0028501
0.0587532
0.0418452
0.0214808
0.0224525
-0.00806646
0.0133779
-0.0319361
0.0244206
0.0133968
0.0714307
0.0155193
-0.0572696
-0.0869189
-0.0904378
-0.0249105
-0.0346353
0.0147338
-0.0140625
-0.0160673
-0.0426471
-0.0735066
-0.0968101
-0.0918878
-0.0420376
-0.0427402
0.0282131
-0.00270764
0.00127426
-0.0669166
-0.00308672
0.0302357
0.0159561
0.0526793
0.0366101
0.045098
0.0147278
0.0549041
-0.00271242
-0.0525732
0.0182239
0.00827493
0.0614537
0.0313405
0.0682644
0.016072
0.0179142
-0.0234792
-0.128439
-0.087719
-0.0824067
-0.00751007
-0.0162776
-0.00267562
0.00480679
0.003837
-0.0739123
-0.0834968
-0.0952618
-0.047552
0.0380293
-0.00440588
0.00919683
-0.00823873
-0.00347501
-0.0521794
-0.0231539
0.0259463
0.0224148
0.0520609
0.060167
0.047063
0.00612081
-0.0209564
-0.0138084
-0.0487789
-0.0167778
-0.00041574
0.0501639
0.0737746
0.0408446
-0.0181546
-0.0562424
-0.051389
-0.0275282
-0.0393061
-0.000759571
0.0182645
0.00839733
0.0245391
0.00938751
-0.0052641
-0.01961
-0.0499387
-0.0399313
-0.017127
-0.00779385
0.00162166
0.0212046
-0.0111692
-0.00953321
-0.0281412
-0.0680625
-0.0219679
0.012765
0.0597699
0.0781492
0.074055
-0.00332926
-0.00771609
-0.0503428
-0.0750501
-0.0716432
-0.00882983
0.0495284
0.0546238
0.0592484
-0.0121811
-0.0154192
-0.052624
-0.0524673
-0.0243683
0.00866937
0.021124
0.0547722
0.0596347
0.00873478
0.0104385
-0.0561322
-0.061144
-0.061188
0.0170438
0.037489
0.0564818
0.0476824
0.000271604
0.00936901
-0.0640261
-0.0804466
-0.0705648
-0.0172749
0.0416068
0.0439324
0.0203706
0.000521929
-0.00245992
-0.0593295
-0.0830917
-0.0891745
-0.0362736
-0.0188234
0.0286102
-0.0319732
-0.0502969
-0.0545371
-0.0604712
-0.0330217
-0.0474909
0.00798436
0.06398
0.051748
0.0371033
0.00863086
0.0237326
-0.0213199
-0.0184028
0.00180358
-0.000657216
0.0365789
0.0272134
0.0373459
-0.0180941
0.015081
0.00445108
-0.0642017
-0.0676061
-0.0349791
-0.0395662
-0.0149582
-0.0459287
-0.0832672
-0.062019
-0.0530208
-0.0322827
-0.0359313
-0.0538173
-0.0595434
-0.0523812
-0.0557017
-0.0722959
-0.0680455
-0.0316417
0.023431
0.0309896
0.0527623
0.0369352
0.0013036
0.0386369
-0.0133426
0.0234214
0.0452452
0.0514025
0.0288341
0.0314088
0.0242368
0.00946191
0.0183217
-0.0264105
0.0290226
0.0377921
-0.0431644
-0.0295693
-0.0556108
-0.0721281
-0.0874087
-0.0607305
-0.0198582
-0.0253776
-0.0208401
0.0222639
0.0346463
-0.00658136
-0.0440136
-0.112703
-0.0110268
0.0279452
0.0583859
0.0308564
0.00390319
-0.00629938
-0.0575893
-0.0309273
-0.0487274
0.00211738
-0.0047399
0.0121179
-0.00727166
0.00590834
0.0367402
-0.0137218
-0.040259
-0.0610875
0.0207882
0.00832192
0.0429527
0.0308512
-0.0538943
0.00905021
-0.0141044
-0.0375692
-0.0256812
0.0104008
-0.0188063
-0.00559004
-0.0661772
0.0115066
0.0252701
0.0149771
-0.00673741
0.0105422
0.0292035
0.0209897
0.0281807
-0.0121325
-0.0333642
0.00460115
-0.0248578
-0.0409269
-0.0277776
0.00158842
-0.0187436
0.00273928
-0.0391764
0.00105857
0.0178315
-0.00153048
-0.00426988
-0.0139452
0.0306259
-0.00637071
-0.0084238
-0.0326205
0.00847411
0.023925
-0.00647645
-0.0103632
-0.0333483
0.0186691
0.0219969
0.0188963
-0.000711799
0.0118867
-0.00703126
0.00200863
-0.00840885
-0.020632
0.0119686
0.03444
0.0182135
-0.0139058
-0.0335335
0.00597072
-0.00398094
0.0119313
-0.022411
0.00437668
-0.00993837
0.0027245
-0.0307049
-0.035006
0.0128169
0.0111007
-0.0258909
-0.0136607
0.00828638
-0.0146193
0.000807567
-0.0308936
-0.00607391
-0.0170408
-0.0126327
-0.0126178
-0.00926257
-0.0169497
0.011042
0.0172248
0.000610559
-0.00156054
-0.0184137
-0.0262201
-0.0193824
-0.00614708
-0.0337896
0.0158693
0.0391535
0.0453066
-0.0208708
-0.00549796
0.00704121
-0.00735249
-0.0427991
-0.0112233
-0.00114602
-0.00769627
-0.0114295
0.0087687
0.00858638
-0.0104874
0.000568775
-0.0392384
-0.00677649
-0.013175
0.0104799
0.0143312
0.0226121
0.0233724
-0.0202642
0.0103012
-0.0421453
-0.0661452
-0.0792978
-0.00880392
0.0294432
0.0480644
0.0414243
0.00614165
0.0520907
-0.0217234
-0.0478458
-0.0743253
-0.0589494
-0.00443091
0.0141081
-0.00480707
-0.0172777
0.0310588
-0.0330754
-0.00609825
-0.000481065
0.0273949
0.0162067
0.0348541
-0.00782991
-0.0150812
0.0198206
-0.0385012
-0.00705156
-0.023562
-0.0243226
0.0123016
0.0236465
0.0266934
0.00809283
0.0622522
0.0226343
0.0250742
-0.0689789
-0.0893348
-0.0473808
-0.00361981
0.0292254
0.0365567
0.0921261
0.0775931
0.0691251
0.0105418
-0.0672405
-0.0283772
-0.00301157
-0.0170259
-0.0218004
-0.00129839
-0.0392277
0.00560219
-0.061438
-0.104168
-0.0311645
-0.00410845
-0.0101916
-0.0171862
0.0372494
0.00112904
0.0279846
-0.0306262
-0.0901812
-0.0511182
-0.0134105
0.0248211
-0.0025248
0.0309459
0.0585326
0.0511803
0.0122487
-0.0809954
-0.0272682
0.00442478
0.0383685
0.0189747
0.0464667
0.0306815
0.0268178
0.00584012
-0.0588545
-0.0159548
-0.00210821
-0.00173733
-0.0398766
-0.0027449
-0.00343439
-0.00247448
-0.0344568
-0.103375
-0.0551564
-0.0201944
0.00167189
-0.0283055
0.0130492
-0.0230414
-0.00969587
-0.0249252
-0.0820409
-0.0247045
-0.00809781
0.0267783
0.0159687
0.0228592
-0.0190823
-0.00726698
-0.00297589
-0.0208908
-0.0370637
-0.0141833
0.0173623
-0.0131407
0.0467795
0.00281335
0.0414108
0.0214555
-0.00622404
-0.0152101
-0.0370361
-0.0142662
0.00867162
0.00539521
-0.0540113
-0.0267669
-0.00116584
-0.0242013
-0.0470401
-0.0116368
-0.0178814
0.00337886
0.0133455
-0.0392702
0.0287649
0.0487858
0.0201872
0.00854981
-0.00895083
0.00138915
-0.0433496
0.017496
-0.0271656
0.0127479
-0.0207822
-0.0258975
-0.0117568
-0.00722341
-0.0131779
-0.0390544
0.000649718
-0.0177867
-0.00393272
-0.017671
-0.0327612
-0.0123014
0.0165583
-0.0193122
-0.0497285
-0.00564708
-0.0321962
0.0139745
0.0286738
0.0143638
0.00721952
0.0123498
-0.00122915
-0.0336764
-0.0160206
-0.0213178
0.0319734
0.0148222
0.0180556
0.0078147
-0.0260244
-0.0163499
-0.0269849
-0.00254313
-0.0187032
0.0107643
0.015558
-0.0365923
-0.0271137
-0.031673
-0.0232883
-0.0485693
-0.0128521
-0.0177772
0.0448282
0.031092
-0.00489509
-0.046326
0.000694668
-0.00151838
-0.00996326
-0.0108774
-0.0189949
0.0117144
0.00679231
-0.0274969
-0.000474697
0.0239313
0.0286902
0.0076573
-0.00172514
-0.0464045
0.00620704
0.014123
0.00170718
0.00561533
-0.0652022
-0.0268837
-0.0353231
-0.00274318
-0.0488871
-0.00192319
0.0149479
-0.00512433
-0.0465629
-0.0340798
-0.0336264
0.00902143
0.0518683
-0.0111021
-0.0141906
0.000185054
-0.00356283
-0.0297505
0.0389255
0.0687795
0.0226775
-0.00752284
-0.0505816
-0.00616769
0.0163009
0.0196147
0.0141782
0.0587325
0.0640169
0.0326987
0.0302527
-0.0144646
-0.0119034
0.0266043
0.00479574
0.02725
0.0139091
0.00619369
0.00750321
0.0287744
-0.0268133
-0.0174688
-0.01637
-0.0354081
-0.00300501
0.00830396
0.0252252
-0.00866027
-0.012754
-0.0637444
-0.0235186
-0.0286584
0.0091144
0.0178951
0.0504364
0.0214791
-0.0111601
0.00999984
-0.0287787
-0.0283646
0.00124072
-0.0352295
0.0102142
0.0221111
0.0194667
-0.0127368
-0.0296838
-0.0608919
-0.0210672
-0.0113227
-0.0200523
0.0268214
-0.0277704
-0.00675531
-0.00584079
-0.0256835
-0.0483758
-0.00889505
-0.0360671
0.00343053
-0.0160393
-0.0203759
-0.0166361
0.0175979
0.00717308
-0.0121588
-0.00463679
-0.0187273
-0.00890354
-0.00757199
0.00877036
0.0153192
0.0155199
-0.0471646
-0.0744306
-0.0355374
-0.0407092
-0.00164853
-0.012095
0.0357415
0.0177639
0.0030126
-0.00333255
-0.01976
-0.0260527
-0.0221706
0.0105836
0.0341855
-0.0106803
-0.0271762
-0.0158221
-0.00151236
-0.0363171
-0.0208396
-0.0278926
0.00595901
-0.00877024
0.00143683
0.000398971
-0.0236227
-0.00434983
-0.0436988
0.0040692
-0.0534845
0.0214111
-0.0144749
0.0230005
0.0127719
-0.0520499
-0.0233036
-0.0547371
-0.00815132
-0.0173393
0.0305753
0.0280502
-0.0271197
-0.0157744
-0.0322848
0.00575149
-0.0416685
0.000159032
-0.0407523
0.0240835
-0.0171166
0.00608381
0.0164142
0.00539788
0.00850949
-0.0757509
0.0119359
-0.0485018
0.0145641
0.00214941
0.010117
0.00636897
-0.00462065
-0.0143399
-0.0730883
-0.0287209
-0.0448323
0.0208734
0.0249329
-0.00993195
-0.00366293
0.0175104
0.0503849
-0.055018
-0.000300419
-0.0364789
0.0109317
-0.0153622
0.01475
0.0318136
0.034113
-0.0080603
-0.0791491
-0.0274047
-0.0277549
0.0287979
0.0220552
-0.00848856
0.0204039
-0.0275098
-0.00816527
-0.0735472
-0.0116586
-0.0159491
0.0128883
0.0023261
-0.0333309
0.0219695
-0.0204019
-0.0288053
-0.0650761
-0.0240184
-0.0127707
0.00519737
-0.0167412
-0.0101163
0.038342
-0.00222602
-0.02599
-0.0621062
-0.0117615
2.51818e-05
0.0467884
-0.00965185
-0.0391246
0.0158924
-0.0416318
-0.00954183
-0.0402743
-0.0161774
0.0101613
0.0233416
-0.0351846
-0.00890229
-0.00311038
-0.0217855
-0.0282444
-0.043876
0.0166309
-0.00537987
0.0211324
-0.0224466
0.00242717
-0.000295792
-0.0242115
-0.0183634
-0.0372984
0.0348935
0.00597791
-0.00889134
-0.0310503
-0.0481298
-0.0124238
-0.0226546
-0.0256936
-0.0268646
0.0149014
-0.00471542
0.0275459
-0.0401584
-0.0189354
0.00531857
-0.0269979
-0.0113507
-0.035674
0.010143
-0.0053955
0.0154617
-0.0321298
-0.00890119
-0.000382043
-0.0227704
0.0219069
-0.0288105
0.000795661
-0.0134857
-0.010615
-0.033238
-0.0240002
0.00838601
-0.0099395
0.0208808
-0.00525066
0.0133033
-0.0170913
-0.0146108
-0.0476085
0.0043421
0.0250916
-0.021457
0.0142313
-0.0230622
0.00767601
-0.0237648
0.00348187
-0.0197679
-0.00446108
0.00757267
-0.0283005
-0.0114716
-0.0238049
0.00690076
-0.016316
-0.00550666
-0.0161321
-0.0150643
-0.000450279
-0.0194804
0.0160756
-0.0217498
0.0134098
-0.0104059
-0.0145888
-0.0207496
-0.000531606
0.00491499
-0.00168918
0.0247853
-0.02204
0.016231
-0.0151308
-0.00164496
-0.0202281
-0.013613
-0.0327998
-0.0533264
-0.0228398
-0.0332439
-0.0172008
-0.0288972
-0.0131659
-0.0408909
-0.00358966
-0.0196808
0.00161369
0.00724909
0.00771598
0.00777555
-0.0151751
-0.018629
-0.0205433
0.0035169
-0.00209404
-0.00995311
0.0226896
-0.0528821
-0.00110333
0.0128706
0.00331457
-0.0531998
0.00358208
-0.00869209
-0.0194511
-0.000184042
-0.0463485
-0.00980078
-0.00612665
-0.0288564
-0.0150218
0.0211764
0.0103567
0.00116217
0.0170674
-0.032963
-0.00808349
-0.0103136
-0.00597675
-0.00806474
0.0292196
0.00501886
-0.0238286
-0.008625
-0.00634187
0.0112749
0.0252068
0.0103844
0.00460003
0.0321396
0.0116643
-0.0155812
-0.0243448
-0.0640519
-0.0134487
-0.0196496
-0.0657244
0.003625
0.0228385
0.0074488
-0.0177273
-0.00385692
-0.0353669
0.0197781
0.00750181
-0.0168029
-0.0107341
0.0252564
-0.00923656
-0.040728
-0.0316231
-0.0353081
-0.000828858
0.0335144
0.000853173
0.0226726
0.015471
-0.00426012
-0.0313628
0.00260628
-0.0137711
0.030794
0.0468485
0.0102637
0.0124725
-0.0068802
-0.00657961
-0.0378496
-0.0084283
-0.0573563
0.0157169
0.00553725
-0.0261809
-0.0375128
-0.000795355
0.0161547
-0.0109828
0.0254024
-0.0583474
0.00478038
0.00745892
-0.00223996
-0.0153787
0.0172497
0.0171918
-0.0279831
-0.00054396
-0.0608357
0.00525848
0.00727744
-0.00185069
-0.00289343
0.0289786
0.0433124
0.0251098
0.0263213
-0.0728397
-0.0108508
0.0190882
0.0289912
0.0233638
-0.0218683
-0.00474112
0.0199738
0.0259958
-0.0880928
-0.0429503
-0.017597
0.0077311
-0.0266634
-0.00606864
-0.00501529
0.0517886
0.0259362
-0.0620007
0.00370413
0.0276244
0.0291467
-0.00729929
0.030814
-0.00128739
0.0115593
0.0109325
-0.0974636
-0.0329786
0.0229674
0.0372895
0.0113601
0.0288701
0.00146911
0.0153404
0.0181506
-0.0544102
-0.0118431
0.00801866
0.0395369
0.0127458
0.013973
-0.0264619
-0.00109788
0.00791989
-0.0507036
0.0326282
0.0314198
0.0220804
0.00121382
0.00483923
0.0202766
-0.00412923
-0.00389756
-0.0217299
0.0555893
0.0294099
0.0314807
-0.00555865
-0.00250901
-0.0144838
0.0100976
0.00918812
-0.0656258
-0.0184096
-0.00557102
0.0285382
0.0134003
0.0111873
-0.00466024
-0.0198416
-0.0408573
-0.0686208
-0.0174603
-0.0111272
0.0116878
0.0178457
0.000907709
0.0245231
-0.0144137
-0.026813
-0.0414171
0.00980835
-0.00932366
0.00394892
-0.0166863
0.0346757
0.0550402
0.0218127
0.0213231
-0.0553443
-0.00866478
0.00250924
0.0191502
-0.00744443
0.00150435
0.000578631
-0.0277731
-0.0531283
-0.0584006
-0.0312159
-0.0205202
-0.0104527
0.00438888
0.00289103
0.0117206
-0.00719855
-0.011045
-0.0219831
0.00917139
-0.00558545
0.00424747
0.00995603
0.0292043
0.0513404
0.00347431
0.00468846
-0.0424052
-0.0075813
0.000162253
0.0151617
0.0032417
0.0283635
0.00774771
-0.0117409
-0.00154001
-0.0017216
0.00710532
0.0231281
0.0260787
0.00401045
-0.0322122
-0.00570448
-0.0301052
-0.00967769
-0.0112851
-0.0142061
-0.0218075
-1.3649e-05
-0.00827705
-0.0223376
-0.00433315
-0.0276671
-0.0219113
0.00781733
-0.00588141
-0.0262065
0.0310883
-0.0152424
0.0308486
-0.00856686
-0.000113073
0.00625511
-0.0307386
0.0127893
0.011726
0.024164
0.0104654
0.0279398
-0.00111228
0.0165063
-0.00943919
-0.0469825
0.00746469
0.00738215
-0.00360357
0.0303332
-0.00891535
5.70908e-05
-0.02633
-0.011926
-0.0105079
-6.96449e-05
-0.0338858
0.0344264
0.0016589
-0.018151
0.00195496
0.00174429
0.00152928
-0.0265115
-0.00266451
-0.0139634
0.0059253
0.00479031
-0.0093906
0.00856754
0.00951231
-0.00576352
-0.0663896
-0.013791
-0.0110838
-0.0121209
-0.00525732
0.0123598
0.0261946
0.00416083
0.0347881
-0.0132319
0.0197361
-0.0227699
0.00386469
-0.00324504
-0.0303519
-0.000505056
-0.00374598
-0.00681504
-0.0604329
-0.037305
-0.0201427
-0.0218356
-0.0242267
0.0206967
0.00309817
-0.026678
0.0290884
-0.0356606
0.0233305
-0.0449505
0.000170194
0.00266301
0.0083079
0.0215667
-0.0304717
0.0110727
-0.00685026
0.0188457
-0.0259301
0.0137837
-0.00883419
-0.0160245
-0.0385068
-0.0379111
0.00427697
-0.00425231
0.0213567
-0.0420769
0.00612686
-0.014537
0.0189011
0.000788124
-0.0362658
-0.00118974
-0.0270497
-0.00237416
-0.0671215
-0.0348468
-0.029724
-0.00592764
-0.0257654
-0.0478014
-0.00720672
-0.0296657
-0.0131488
-0.0779817
-0.0525638
-0.039117
-0.0132632
-0.00323836
0.0143782
0.0403762
-0.0421937
0.0132165
-0.0356903
0.00578642
-0.00851248
0.0117661
0.0387342
0.0410667
0.0215864
-0.0828609
-0.0190417
-0.0263872
0.0284219
-0.00583093
0.0167524
0.000223721
-0.0253279
0.00437072
-0.0586123
-0.010558
-0.0488228
-0.0202439
0.00285811
0.025139
0.00717462
-0.0340821
0.00134135
-0.0922902
-0.0396815
-0.0304263
-0.0021104
-0.0111119
0.00681095
0.0344043
0.00274218
-0.0100405
-0.0835512
0.00122722
5.26795e-05
0.0435287
-0.00829363
-0.0071475
0.00746048
-0.0450808
0.0126373
-0.0707789
-0.00807944
-0.0061337
0.0387205
-0.0156998
0.0166299
0.0128406
-0.0254754
-0.00572882
-0.0745064
-0.0423169
-0.0413381
0.00331095
-0.015363
-0.0114586
0.0143492
0.00158857
0.00298482
-0.0596564
-0.0540353
-0.0507118
0.02277
-0.0133476
-6.53177